0.000000
1.039000
0.902000
1.180000
1.267000
1.204000
1.078000
0.898000
0.946000
1.196000
1.229000
1.125000
1.144000
1.104000
0.910000
1.426000
1.897000
1.880000
1.917000
1.539000
1.190000
1.358000
1.364000
1.295000
0.915000
0.999000
1.567000
1.432000
1.328000
1.573000
1.090000
0.822000
1.299000
1.456000
1.232000
1.129000
1.316000
1.428000
0.987000
0.953000
1.254000
1.368000
1.325000
1.039000
1.160000
1.427000
1.086000
1.404000
1.656000
1.750000
2.175000
2.099000
1.636000
1.237000
1.164000
1.053000
2.544000
3.194000
2.329000
1.810000
1.340000
1.864000
2.119000
1.360000
1.919000
1.498000
1.405000
1.579000
1.323000
1.334000
1.318000
1.618000
1.318000
0.876000
1.216000
1.408000
0.881000
1.115000
1.134000
0.999000
1.017000
1.174000
1.119000
1.019000
1.429000
1.577000
1.022000
0.794000
0.981000
1.335000
1.438000
1.165000
1.023000
1.308000
1.690000
2.179000
1.820000
1.225000
1.172000
1.191000
1.223000
1.095000
1.240000
1.532000
1.223000
1.211000
1.310000
1.547000
1.931000
1.537000
0.869000
0.991000
1.044000
1.811000
2.197000
1.420000
1.482000
1.701000
1.680000
1.571000
0.995000
1.152000
1.248000
1.235000
1.045000
1.277000
2.614000
2.916000
1.493000
0.760000
0.697000
0.643000
0.889000
1.001000
0.654000
0.560000
0.669000
0.706000
1.183000
0.913000
0.689000
0.876000
1.027000
0.922000
0.948000
0.980000
0.860000
1.021000
1.134000
0.790000
0.812000
1.485000
1.492000
0.807000
1.004000
1.073000
0.979000
1.023000
1.421000
1.465000
0.920000
1.052000
1.041000
1.217000
1.209000
1.525000
1.669000
1.279000
1.199000
1.040000
1.126000
1.074000
1.474000
1.549000
1.282000
0.994000
0.869000
1.227000
1.188000
0.853000
0.800000
1.040000
1.019000
0.894000
1.111000
1.069000
0.911000
0.997000
1.047000
0.804000
1.681000
1.719000
0.984000
0.890000
0.988000
0.908000
1.110000
1.033000
1.125000
1.401000
1.419000
1.205000
0.937000
1.376000
1.432000
1.235000
0.930000
0.921000
1.030000
0.848000
1.120000
1.428000
1.082000
1.088000
0.926000
0.965000
1.048000
1.092000
1.080000
1.045000
1.383000
1.330000
1.160000
1.421000
1.245000
1.266000
1.213000
1.182000
1.099000
1.286000
1.462000
1.297000
1.014000
1.041000
0.871000
0.726000
0.928000
1.364000
1.339000
0.980000
0.924000
0.946000
1.332000
1.444000
1.145000
1.491000
1.528000
1.497000
1.655000
1.623000
1.668000
1.423000
1.057000
1.202000
1.479000
1.829000
1.950000
1.405000
1.309000
0.968000
0.996000
0.999000
0.920000
0.971000
1.026000
0.901000
0.836000
0.911000
0.734000
2.649000
2.579000
1.773000
1.194000
0.722000
0.894000
1.505000
1.668000
1.590000
1.872000
1.374000
1.970000
2.203000
2.315000
2.219000
1.332000
0.909000
1.454000
2.327000
2.243000
1.680000
1.300000
