0.000000
36.528000
31.721000
41.511000
44.540000
42.333000
37.924000
31.592000
33.263000
42.073000
43.213000
39.560000
40.239000
38.816000
31.991000
50.161000
66.702000
66.132000
67.408000
54.117000
41.832000
47.746000
47.965000
45.545000
32.177000
35.130000
55.113000
50.361000
46.715000
55.304000
38.349000
28.895000
45.698000
51.187000
43.316000
39.696000
46.271000
50.217000
34.718000
33.497000
44.112000
48.106000
46.590000
36.533000
40.796000
50.178000
38.192000
49.361000
58.244000
61.553000
76.480000
73.822000
57.542000
43.502000
40.930000
37.024000
89.450000
112.311000
81.916000
63.657000
47.141000
65.557000
74.519000
47.836000
67.493000
52.668000
49.396000
55.546000
46.539000
46.929000
46.359000
56.904000
46.349000
30.794000
42.766000
49.511000
30.995000
39.198000
39.891000
35.131000
35.775000
41.298000
39.362000
35.835000
50.238000
55.443000
35.937000
27.934000
34.492000
46.946000
50.555000
40.976000
35.961000
45.985000
59.436000
76.628000
64.000000
43.072000
41.217000
41.891000
43.009000
38.525000
43.592000
53.888000
43.011000
42.597000
46.069000
54.412000
67.901000
54.065000
30.567000
34.865000
36.728000
63.690000
77.266000
49.938000
52.119000
59.811000
59.083000
55.261000
34.993000
40.500000
43.894000
43.417000
36.748000
44.911000
91.932000
102.558000
52.521000
26.727000
24.495000
22.598000
31.253000
35.201000
22.996000
19.696000
23.521000
24.831000
41.597000
32.109000
24.226000
30.793000
36.116000
32.422000
33.340000
34.458000
30.244000
35.922000
39.883000
27.785000
28.561000
52.209000
52.480000
28.395000
35.300000
37.747000
34.418000
35.985000
49.967000
51.503000
32.368000
37.009000
36.604000
42.797000
42.518000
53.623000
58.700000
44.977000
42.178000
36.560000
39.608000
37.755000
51.850000
54.467000
45.102000
34.963000
30.568000
43.163000
41.791000
29.997000
28.142000
36.578000
35.846000
31.439000
39.065000
37.608000
32.045000
35.061000
36.825000
28.262000
59.128000
60.461000
34.597000
31.305000
34.760000
31.935000
39.047000
36.314000
39.548000
49.269000
49.886000
42.377000
32.938000
48.400000
50.355000
43.436000
32.709000
32.375000
36.208000
29.835000
39.381000
50.224000
38.054000
38.265000
32.582000
33.929000
36.860000
38.402000
37.990000
36.745000
48.631000
46.764000
40.789000
49.958000
43.793000
44.508000
42.662000
41.563000
38.634000
45.227000
51.431000
45.622000
35.646000
36.596000
30.616000
25.530000
32.618000
47.968000
47.103000
34.476000
32.490000
33.279000
46.858000
50.764000
40.272000
52.433000
53.720000
52.637000
58.187000
57.081000
58.644000
50.028000
37.173000
42.272000
52.029000
64.313000
68.580000
49.426000
46.034000
34.027000
35.030000
35.120000
32.355000
34.149000
36.069000
31.695000
29.393000
32.036000
25.796000
93.160000
90.702000
62.340000
42.000000
25.385000
31.430000
52.930000
58.647000
55.902000
65.823000
48.335000
69.271000
77.478000
81.427000
78.024000
46.834000
31.972000
51.140000
81.832000
78.865000
59.095000
45.733000
