0.000000
0.856000
0.766000
1.048000
0.947000
0.896000
0.860000
0.744000
0.788000
0.980000
0.946000
0.878000
0.903000
0.787000
0.790000
1.169000
1.394000
1.283000
1.344000
1.166000
0.979000
0.998000
1.032000
0.967000
0.742000
0.819000
1.095000
1.129000
1.079000
1.144000
0.858000
0.728000
1.071000
1.078000
0.898000
0.892000
0.986000
1.082000
0.799000
0.844000
0.945000
1.064000
1.026000
0.857000
0.979000
1.038000
0.819000
1.141000
1.279000
1.387000
1.569000
1.458000
1.206000
0.972000
0.940000
0.848000
2.319000
2.704000
1.682000
1.357000
1.057000
1.379000
1.564000
1.028000
1.699000
1.417000
1.253000
1.288000
1.091000
0.995000
1.139000
1.332000
1.080000
0.794000
1.033000
1.147000
0.812000
0.913000
0.908000
0.808000
0.859000
0.953000
0.942000
0.895000
1.209000
1.308000
0.841000
0.731000
0.861000
0.987000
1.064000
0.958000
0.778000
0.908000
1.183000
1.691000
1.597000
1.062000
0.950000
0.951000
1.016000
0.886000
0.978000
1.124000
1.001000
1.066000
1.035000
1.168000
1.466000
1.225000
0.767000
0.825000
0.827000
1.599000
1.768000
1.060000
1.154000
1.295000
1.236000
1.189000
0.863000
0.895000
0.993000
0.959000
0.836000
1.022000
2.092000
2.399000
1.277000
0.745000
0.713000
0.702000
0.784000
0.782000
0.681000
0.650000
0.739000
0.755000
0.959000
0.834000
0.717000
0.808000
0.846000
0.771000
0.846000
0.854000
0.754000
0.857000
0.845000
0.722000
0.751000
1.153000
1.205000
0.788000
0.860000
0.901000
0.873000
0.915000
1.020000
1.028000
0.809000
0.809000
0.783000
1.001000
0.998000
1.085000
1.228000
1.080000
0.901000
0.844000
0.907000
0.869000
1.058000
1.106000
0.953000
0.847000
0.811000
0.917000
0.852000
0.773000
0.742000
0.874000
0.850000
0.724000
0.855000
0.880000
0.786000
0.836000
0.838000
0.741000
1.444000
1.482000
0.820000
0.801000
0.855000
0.820000
0.892000
0.880000
0.962000
1.119000
1.096000
0.908000
0.842000
1.057000
1.086000
0.939000
0.814000
0.775000
0.822000
0.765000
0.971000
1.168000
0.907000
0.878000
0.771000
0.832000
0.880000
0.940000
0.904000
0.783000
0.961000
0.991000
0.976000
1.044000
0.935000
0.996000
0.964000
0.876000
0.881000
1.051000
1.224000
1.069000
0.849000
0.860000
0.716000
0.725000
0.809000
0.998000
0.969000
0.875000
0.858000
0.882000
1.046000
1.130000
1.071000
1.245000
1.299000
1.286000
1.464000
1.265000
1.193000
1.063000
0.895000
0.962000
1.081000
1.328000
1.402000
1.084000
1.031000
0.887000
0.900000
0.810000
0.784000
0.828000
0.848000
0.790000
0.765000
0.735000
0.733000
2.395000
2.207000
1.569000
0.981000
0.701000
0.810000
1.120000
1.171000
1.228000
1.486000
1.169000
1.676000
1.770000
1.769000
1.688000
1.159000
0.887000
1.222000
1.855000
1.911000
1.402000
1.116000
