0.000000
0.338000
0.277000
0.638000
0.362000
0.540000
0.540000
0.282000
0.662000
1.006000
0.503000
0.279000
0.461000
0.260000
0.202000
1.169000
0.690000
0.442000
1.047000
1.470000
0.959000
0.947000
1.107000
1.043000
0.220000
0.194000
0.805000
1.565000
0.982000
0.177000
0.296000
0.416000
1.291000
0.810000
0.323000
0.312000
0.268000
0.298000
0.298000
0.436000
0.310000
0.516000
0.479000
0.241000
0.579000
0.477000
0.492000
0.844000
0.228000
0.420000
0.507000
0.985000
1.279000
0.992000
0.877000
0.379000
1.468000
0.198000
0.780000
0.717000
1.226000
0.732000
0.275000
0.709000
1.398000
0.554000
0.571000
0.547000
0.444000
0.975000
0.571000
1.095000
1.187000
0.178000
0.729000
0.796000
0.219000
0.663000
0.444000
0.166000
0.141000
0.266000
0.378000
0.652000
0.918000
0.329000
0.484000
0.247000
0.474000
0.654000
0.749000
0.531000
0.113000
0.382000
0.557000
1.560000
2.244000
0.839000
0.421000
0.599000
0.906000
0.683000
0.372000
0.884000
1.465000
1.341000
1.032000
0.744000
0.586000
1.020000
0.280000
0.195000
0.655000
1.845000
1.001000
0.552000
0.684000
0.425000
0.702000
1.268000
0.665000
0.393000
0.269000
0.408000
0.589000
0.930000
2.392000
2.891000
0.460000
0.278000
0.311000
0.210000
0.217000
0.072000
0.067000
0.119000
0.237000
0.303000
0.406000
0.260000
0.187000
0.106000
0.101000
0.217000
0.654000
0.812000
0.290000
0.297000
0.309000
0.127000
0.293000
0.901000
1.359000
0.252000
0.309000
0.200000
0.306000
0.600000
0.491000
1.083000
0.194000
0.264000
0.537000
0.773000
0.296000
0.180000
0.669000
0.535000
0.195000
0.293000
0.684000
0.570000
0.347000
0.681000
0.540000
0.728000
0.609000
0.323000
0.524000
0.318000
0.276000
0.635000
0.459000
0.167000
0.480000
0.476000
0.150000
0.465000
0.507000
0.165000
0.859000
0.782000
0.055000
0.308000
0.254000
0.236000
0.641000
0.670000
0.391000
0.114000
0.201000
0.867000
0.661000
0.220000
0.141000
0.204000
0.625000
0.268000
0.353000
0.237000
0.638000
0.941000
0.797000
0.191000
0.347000
0.500000
0.768000
0.494000
0.252000
0.276000
0.965000
1.305000
0.787000
0.275000
0.388000
0.406000
0.271000
0.182000
0.292000
0.594000
0.486000
0.346000
0.219000
0.203000
0.308000
0.236000
0.082000
0.635000
1.076000
0.513000
0.689000
0.564000
0.380000
0.501000
0.546000
0.941000
1.180000
0.906000
0.212000
0.422000
0.383000
0.204000
0.252000
0.411000
0.188000
0.412000
0.229000
0.353000
0.199000
0.795000
0.794000
0.364000
0.367000
0.340000
0.325000
0.257000
0.271000
0.294000
0.329000
2.874000
0.372000
1.180000
0.940000
0.194000
0.349000
0.179000
0.821000
0.554000
0.343000
1.173000
2.714000
2.518000
1.238000
0.272000
0.958000
0.544000
1.226000
0.913000
0.566000
0.420000
0.411000
