0.134000
0.072000
-0.006000
-0.122000
-0.119000
-0.027000
-0.121000
-0.069000
-0.207000
0.049000
-0.092000
-0.037000
-0.111000
-0.073000
-0.165000
0.214000
-0.039000
-0.016000
0.157000
-0.126000
0.046000
-0.163000
0.123000
-0.108000
-0.040000
-0.017000
0.133000
-0.209000
0.016000
-0.033000
-0.065000
-0.158000
0.140000
-0.075000
0.028000
-0.047000
-0.001000
-0.072000
-0.074000
-0.019000
0.012000
0.079000
0.049000
0.032000
0.152000
0.173000
0.085000
0.202000
0.138000
0.055000
-0.001000
0.177000
-0.111000
0.130000
-0.119000
-0.154000
0.102000
0.098000
-0.104000
0.111000
-0.114000
0.043000
-0.054000
-0.162000
0.200000
0.017000
0.184000
0.038000
0.169000
-0.021000
0.103000
0.411000
0.063000
0.109000
0.271000
0.057000
0.043000
0.181000
0.077000
0.055000
0.090000
0.130000
0.219000
0.056000
0.283000
0.180000
0.120000
0.059000
0.137000
-0.020000
0.214000
0.081000
0.130000
0.149000
0.218000
0.710000
0.062000
0.282000
0.200000
0.291000
0.062000
0.253000
0.127000
0.400000
0.072000
0.415000
0.163000
0.375000
0.417000
0.163000
0.216000
0.223000
0.064000
0.597000
0.265000
0.166000
0.182000
0.118000
0.228000
-0.037000
0.105000
0.048000
0.112000
0.140000
-0.008000
0.256000
0.791000
-0.031000
0.033000
-0.015000
-0.030000
-0.071000
-0.000000
-0.017000
-0.000000
-0.024000
-0.090000
-0.076000
0.027000
0.009000
-0.002000
-0.015000
-0.019000
-0.043000
0.104000
-0.068000
-0.067000
-0.005000
-0.032000
-0.092000
0.010000
0.153000
-0.107000
-0.021000
0.013000
-0.024000
-0.067000
0.070000
0.177000
-0.038000
-0.006000
0.007000
-0.079000
0.105000
0.088000
0.070000
0.210000
0.089000
0.096000
0.134000
-0.004000
0.118000
0.175000
0.065000
0.165000
-0.007000
0.123000
0.063000
-0.049000
0.015000
-0.010000
0.101000
0.006000
0.034000
0.105000
0.029000
0.014000
0.128000
0.049000
0.066000
0.199000
0.043000
0.061000
0.090000
0.031000
-0.006000
0.097000
-0.003000
0.056000
0.031000
0.099000
-0.035000
0.078000
0.036000
0.090000
0.127000
0.021000
0.048000
0.088000
0.091000
0.150000
-0.066000
0.140000
0.088000
0.064000
0.104000
-0.027000
0.026000
0.086000
0.024000
0.190000
-0.091000
0.157000
0.131000
0.111000
0.168000
0.086000
0.115000
0.136000
-0.034000
0.069000
0.090000
0.079000
0.024000
-0.035000
-0.065000
-0.064000
0.068000
-0.156000
-0.236000
-0.420000
-0.264000
-0.339000
-0.487000
-0.397000
-0.111000
-0.362000
-0.273000
-0.219000
-0.094000
-0.198000
-0.194000
-0.235000
-0.083000
-0.085000
0.008000
-0.001000
-0.066000
-0.114000
-0.297000
-0.139000
-0.208000
-0.123000
-0.188000
-0.103000
-0.165000
-0.191000
-0.226000
-0.219000
0.573000
0.487000
0.211000
0.019000
-0.010000
-0.034000
-0.077000
0.112000
0.023000
0.078000
-0.235000
0.499000
-0.218000
0.181000
0.101000
-0.040000
-0.140000
0.250000
0.145000
0.029000
0.193000
0.134000
