0.010000
-0.102000
-0.096000
-0.038000
-0.087000
0.024000
-0.109000
-0.010000
-0.190000
0.092000
-0.086000
-0.022000
-0.085000
-0.120000
-0.164000
0.211000
0.005000
-0.093000
0.216000
-0.261000
0.086000
-0.181000
0.217000
-0.088000
-0.058000
0.024000
0.269000
-0.209000
0.112000
0.077000
-0.041000
-0.163000
0.149000
-0.078000
0.040000
-0.053000
-0.079000
-0.078000
-0.164000
-0.043000
-0.077000
0.002000
-0.201000
-0.209000
0.036000
0.082000
-0.019000
0.156000
0.103000
0.049000
-0.142000
0.200000
-0.207000
0.065000
-0.177000
-0.186000
0.104000
0.035000
-0.236000
-0.004000
-0.130000
-0.011000
-0.058000
-0.335000
0.001000
-0.222000
-0.069000
-0.109000
0.005000
-0.203000
-0.159000
0.140000
-0.111000
-0.137000
0.104000
-0.181000
-0.186000
-0.004000
-0.097000
-0.072000
-0.088000
-0.033000
-0.004000
-0.221000
0.044000
-0.053000
-0.196000
-0.189000
-0.046000
-0.202000
0.027000
-0.170000
-0.173000
-0.015000
-0.129000
0.277000
-0.288000
0.029000
-0.110000
0.013000
-0.186000
-0.023000
-0.089000
0.211000
-0.193000
0.161000
-0.027000
0.069000
0.093000
-0.160000
-0.041000
-0.071000
-0.241000
0.123000
0.056000
-0.134000
0.036000
-0.091000
0.051000
-0.255000
-0.083000
-0.155000
-0.079000
-0.017000
-0.196000
0.028000
0.839000
0.002000
-0.136000
-0.098000
-0.234000
-0.220000
-0.166000
-0.163000
-0.179000
-0.193000
-0.268000
-0.228000
-0.075000
-0.098000
-0.134000
-0.175000
-0.144000
-0.227000
-0.004000
-0.212000
-0.182000
-0.108000
-0.189000
-0.226000
-0.188000
0.037000
-0.245000
-0.173000
-0.147000
-0.190000
-0.305000
-0.130000
0.088000
-0.184000
-0.174000
-0.149000
-0.277000
-0.151000
-0.046000
-0.102000
0.044000
-0.010000
-0.113000
0.006000
-0.199000
-0.062000
0.012000
-0.102000
0.034000
-0.193000
-0.042000
-0.069000
-0.201000
-0.128000
-0.219000
-0.069000
-0.195000
-0.223000
-0.081000
-0.184000
-0.176000
-0.037000
-0.172000
-0.197000
-0.049000
-0.186000
-0.173000
-0.107000
-0.183000
-0.219000
-0.070000
-0.248000
-0.116000
-0.098000
-0.075000
-0.258000
-0.117000
-0.138000
-0.120000
-0.054000
-0.136000
-0.114000
-0.012000
-0.065000
0.043000
-0.253000
-0.038000
-0.071000
-0.160000
-0.050000
-0.235000
-0.116000
-0.132000
-0.182000
-0.061000
-0.326000
-0.130000
-0.077000
-0.212000
-0.171000
-0.170000
-0.149000
-0.098000
-0.318000
-0.145000
-0.171000
-0.186000
-0.230000
-0.320000
-0.286000
-0.294000
-0.094000
-0.347000
-0.254000
-0.449000
-0.373000
-0.393000
-0.496000
-0.566000
-0.167000
-0.487000
-0.460000
-0.483000
-0.340000
-0.361000
-0.379000
-0.394000
-0.305000
-0.169000
-0.221000
-0.116000
-0.262000
-0.283000
-0.539000
-0.290000
-0.389000
-0.235000
-0.365000
-0.180000
-0.303000
-0.340000
-0.462000
-0.383000
-0.146000
-0.158000
-0.132000
-0.375000
-0.379000
-0.346000
-0.315000
-0.178000
-0.258000
-0.141000
-0.410000
0.014000
-0.471000
-0.192000
-0.240000
-0.476000
-0.406000
-0.113000
-0.111000
-0.165000
-0.055000
-0.103000
