0.000000
0.352000
0.176000
0.515000
0.433000
0.333000
0.129000
0.188000
0.322000
0.421000
0.510000
0.174000
0.473000
0.364000
0.199000
0.289000
0.258000
0.201000
0.346000
0.785000
0.461000
0.226000
0.208000
0.304000
1.082000
1.523000
1.580000
0.739000
0.341000
0.461000
0.704000
0.628000
0.338000
0.592000
1.025000
0.633000
0.311000
0.297000
0.189000
0.304000
0.300000
0.540000
0.758000
0.853000
0.933000
0.305000
0.360000
0.388000
0.654000
1.791000
0.798000
2.425000
1.993000
1.846000
1.143000
0.327000
0.195000
1.173000
0.909000
0.317000
0.327000
0.612000
0.606000
0.482000
0.421000
0.329000
0.448000
1.007000
0.979000
0.101000
0.787000
1.146000
0.516000
0.524000
0.670000
0.552000
0.386000
0.291000
0.302000
0.501000
0.489000
0.387000
0.562000
0.268000
0.760000
0.686000
1.203000
1.052000
1.154000
1.409000
0.516000
1.003000
0.245000
1.244000
0.756000
0.577000
0.946000
0.750000
0.786000
0.439000
1.881000
1.368000
0.449000
0.972000
0.684000
0.639000
0.364000
0.449000
0.754000
1.136000
0.285000
0.149000
0.315000
0.241000
0.672000
0.942000
1.173000
1.536000
1.329000
1.301000
1.160000
0.167000
0.517000
0.656000
0.830000
0.760000
0.707000
0.319000
0.609000
0.155000
0.213000
0.353000
0.459000
0.600000
0.146000
0.240000
1.188000
1.772000
0.692000
1.066000
1.732000
1.237000
0.736000
0.965000
1.344000
0.625000
1.056000
1.030000
0.313000
0.431000
0.400000
0.159000
0.978000
0.901000
1.051000
1.178000
1.091000
0.429000
1.392000
1.493000
1.216000
0.390000
0.473000
0.909000
0.778000
0.281000
0.448000
0.879000
1.182000
1.046000
0.333000
1.053000
0.727000
0.061000
1.044000
1.012000
1.374000
0.609000
0.637000
0.549000
0.523000
0.599000
0.468000
0.352000
