-0.032000
0.026000
-0.053000
-0.132000
-0.054000
-0.111000
-0.087000
-0.042000
0.035000
-0.088000
0.027000
-0.004000
-0.119000
-0.062000
-0.090000
-0.036000
0.008000
-0.033000
-0.034000
0.122000
0.018000
0.060000
0.050000
0.055000
0.275000
-0.106000
0.343000
0.115000
0.088000
0.162000
0.026000
0.150000
0.081000
0.180000
-0.055000
0.112000
0.057000
0.058000
0.066000
0.023000
0.095000
0.153000
0.029000
0.207000
-0.046000
-0.023000
0.037000
0.088000
-0.047000
0.369000
0.031000
0.582000
-0.171000
-0.225000
-0.013000
0.050000
0.048000
0.418000
0.150000
0.140000
0.165000
0.121000
0.225000
0.154000
0.059000
0.156000
0.194000
0.023000
0.251000
0.248000
0.071000
0.390000
0.209000
0.128000
0.250000
0.117000
0.188000
0.090000
0.158000
0.227000
0.117000
0.219000
0.081000
0.109000
0.283000
0.444000
0.144000
0.391000
0.071000
0.410000
0.438000
0.208000
0.189000
0.476000
0.249000
0.276000
0.431000
0.234000
0.483000
0.560000
0.094000
0.466000
0.490000
0.296000
0.410000
0.312000
0.363000
0.274000
0.403000
0.144000
0.191000
0.193000
0.216000
0.242000
0.338000
0.207000
0.415000
0.108000
0.439000
0.093000
0.391000
0.366000
0.254000
0.130000
0.351000
0.514000
0.318000
0.279000
0.130000
0.207000
0.159000
0.267000
0.307000
0.262000
0.262000
0.328000
0.594000
0.138000
0.299000
0.065000
0.487000
0.136000
0.363000
0.106000
0.496000
0.315000
0.566000
0.299000
0.368000
0.198000
0.277000
0.280000
0.363000
0.451000
0.226000
0.020000
0.122000
0.084000
0.081000
-0.477000
-0.444000
-0.504000
-0.455000
-0.272000
-0.373000
-0.330000
-0.268000
-0.074000
-0.282000
0.012000
0.075000
-0.144000
-0.109000
-0.138000
0.163000
-0.037000
0.357000
0.236000
0.135000
0.202000
0.112000
0.239000
0.191000
0.224000
