-0.012000
0.102000
0.091000
-0.049000
0.051000
-0.037000
-0.073000
0.013000
0.095000
0.024000
0.073000
0.097000
-0.058000
0.033000
0.049000
0.010000
0.146000
0.081000
-0.035000
0.205000
0.057000
0.036000
0.099000
-0.019000
0.196000
-0.141000
0.330000
0.192000
0.055000
0.182000
-0.105000
0.095000
-0.011000
0.198000
-0.139000
0.145000
0.094000
0.134000
0.058000
-0.034000
0.034000
0.157000
-0.077000
0.256000
-0.062000
0.047000
-0.072000
0.148000
-0.097000
0.430000
0.391000
0.971000
0.634000
-0.341000
-0.023000
0.053000
0.090000
0.412000
0.113000
0.113000
0.188000
0.023000
0.266000
0.101000
0.004000
0.080000
0.211000
-0.111000
0.209000
0.191000
-0.055000
0.311000
0.155000
-0.041000
0.155000
0.004000
0.093000
0.022000
0.082000
0.232000
0.033000
0.190000
0.004000
-0.099000
0.147000
0.398000
0.008000
0.310000
-0.043000
0.219000
0.337000
0.042000
0.001000
0.368000
0.216000
0.019000
0.333000
0.048000
0.290000
0.430000
-0.197000
0.267000
0.396000
0.120000
0.310000
0.225000
0.290000
0.110000
0.300000
-0.000000
0.079000
-0.009000
0.054000
0.119000
0.268000
0.023000
0.368000
-0.067000
0.314000
-0.062000
0.187000
0.198000
0.172000
-0.007000
0.091000
0.293000
0.256000
0.175000
0.032000
0.042000
0.041000
0.142000
0.299000
0.147000
0.123000
0.178000
0.509000
0.023000
0.203000
-0.129000
0.414000
-0.044000
0.262000
-0.073000
0.319000
0.184000
0.536000
0.201000
0.262000
0.062000
0.121000
0.190000
0.424000
0.547000
0.377000
-0.126000
0.363000
0.361000
0.681000
0.547000
0.085000
0.145000
0.074000
0.362000
0.158000
0.061000
0.144000
0.247000
0.035000
0.155000
0.165000
0.406000
0.245000
0.239000
0.456000
0.367000
0.495000
0.397000
0.183000
0.403000
0.181000
0.380000
0.205000
0.287000
