0.008000 0.671000 1.000000
3.765000 0.471000 1.000000
6.015000 0.437000 1.000000
8.133000 0.460000 1.000000
10.135000 0.462000 1.000000
12.137000 0.330000 1.000000
23.637000 0.395000 1.000000
29.263000 0.754000 1.000000
38.265000 0.489000 1.000000
41.260000 0.473000 1.000000
44.006000 0.347000 1.000000
47.515000 0.438000 1.000000
53.008000 0.564000 1.000000
57.261000 0.546000 1.000000
61.017000 0.512000 1.000000
64.012000 0.503000 1.000000
66.759000 0.419000 1.000000
68.761000 0.512000 1.000000
72.385000 0.506000 1.000000
74.883000 0.527000 1.000000
76.885000 0.617000 1.000000
84.877000 0.461000 1.000000
92.390000 0.590000 1.000000
96.377000 0.515000 1.000000
99.141000 0.493000 1.000000
102.880000 0.506000 1.000000
108.391000 0.595000 1.000000
110.641000 0.713000 1.000000
112.759000 0.506000 1.000000
117.260000 0.472000 1.000000
119.510000 0.580000 1.000000
122.753000 0.536000 1.000000
124.888000 0.790000 1.000000
129.637000 0.757000 1.000000
134.882000 0.487000 1.000000
140.889000 0.377000 1.000000
148.136000 0.476000 1.000000
150.387000 0.312000 1.000000
159.007000 0.731000 1.000000
167.380000 0.415000 1.000000
169.763000 0.567000 1.000000
172.510000 0.565000 1.000000
174.512000 1.468000 1.000000
176.514000 0.519000 1.000000
179.261000 1.057000 1.000000
181.379000 0.559000 1.000000
189.884000 0.706000 1.000000
192.631000 0.507000 1.000000
195.262000 0.781000 1.000000
197.760000 0.505000 1.000000
201.880000 0.602000 1.000000
206.762000 0.527000 1.000000
209.128000 0.521000 1.000000
211.378000 0.658000 1.000000
215.383000 0.571000 1.000000
217.881000 0.403000 1.000000
219.883000 0.398000 1.000000
222.018000 0.489000 1.000000
226.138000 0.398000 1.000000
228.637000 0.439000 1.000000
231.764000 0.751000 1.000000
249.006000 0.627000 1.000000
252.381000 0.492000 1.000000
254.632000 0.539000 1.000000
259.265000 0.477000 1.000000
261.515000 0.422000 1.000000
264.014000 0.470000 1.000000
266.513000 1.313000 1.000000
278.641000 0.730000 1.000000
281.388000 0.591000 1.000000
283.390000 0.756000 1.000000
285.641000 1.360000 1.000000
291.432000 0.553000 1.000000
297.141000 0.523000 1.000000
306.391000 0.535000 1.000000
308.508000 0.933000 1.000000
313.886000 0.539000 1.000000
316.137000 1.292000 1.000000
325.767000 0.581000 1.000000
328.878000 0.364000 1.000000
331.260000 0.429000 1.000000
333.263000 0.524000 1.000000
337.383000 0.005000 1.000000
345.888000 0.573000 1.000000
347.890000 0.505000 1.000000
350.885000 0.597000 1.000000
