27.128000 0.363000 1.000000
34.012000 0.415000 1.000000
50.377000 0.480000 1.000000
55.258000 0.810000 1.000000
87.260000 0.469000 1.000000
89.262000 0.444000 1.000000
106.140000 0.528000 1.000000
127.502000 0.557000 1.000000
132.383000 0.348000 1.000000
143.006000 0.493000 1.000000
161.506000 0.584000 1.000000
183.381000 0.534000 1.000000
187.766000 0.797000 1.000000
204.263000 0.634000 1.000000
213.380000 0.623000 1.000000
234.014000 0.588000 1.000000
238.134000 0.357000 1.000000
241.262000 0.356000 1.000000
246.640000 0.379000 1.000000
271.510000 0.605000 1.000000
300.880000 0.588000 1.000000
304.140000 0.589000 1.000000
318.503000 1.042000 1.000000
322.888000 0.491000 1.000000
340.130000 0.480000 1.000000
342.512000 0.482000 1.000000
