0.000000
0.956000
1.116000
0.973000
0.876000
0.932000
0.740000
0.759000
1.101000
1.036000
1.037000
1.203000
1.172000
0.901000
0.982000
0.996000
1.110000
1.144000
0.914000
0.948000
0.986000
0.901000
0.973000
1.190000
1.637000
1.479000
1.599000
1.733000
1.306000
1.259000
1.208000
1.006000
0.964000
1.227000
1.275000
0.985000
1.140000
1.260000
1.109000
0.921000
0.786000
1.080000
1.084000
1.196000
1.377000
0.902000
0.689000
1.086000
1.559000
2.209000
1.905000
3.662000
4.335000
2.788000
1.245000
1.054000
1.026000
1.813000
1.579000
1.064000
1.164000
1.387000
1.061000
1.066000
1.003000
0.786000
1.275000
1.145000
1.090000
1.313000
1.097000
1.120000
1.224000
1.052000
0.939000
0.971000
0.932000
0.997000
0.993000
1.314000
1.332000
1.068000
1.196000
0.938000
1.008000
1.542000
1.408000
1.115000
1.390000
1.432000
1.431000
1.459000
0.831000
1.221000
1.642000
1.140000
1.040000
1.136000
1.278000
1.881000
1.702000
1.418000
1.900000
1.786000
1.859000
1.957000
1.576000
1.398000
1.505000
1.311000
0.792000
0.918000
1.082000
1.079000
1.662000
1.578000
1.316000
1.303000
1.079000
1.119000
1.422000
2.142000
1.550000
1.224000
1.298000
1.847000
1.491000
1.519000
1.104000
0.973000
1.102000
1.446000
1.737000
1.473000
1.171000
1.740000
2.187000
1.754000
1.263000
1.068000
1.346000
1.611000
1.144000
1.082000
1.403000
1.518000
1.730000
1.838000
1.483000
1.084000
1.271000
1.346000
2.005000
2.517000
2.217000
1.556000
1.944000
1.975000
2.462000
2.640000
1.241000
0.722000
0.724000
1.097000
0.930000
0.850000
0.859000
1.256000
1.316000
1.936000
3.441000
3.442000
1.336000
0.992000
1.020000
1.130000
1.687000
1.525000
1.090000
0.962000
0.970000
1.078000
1.038000
1.083000
