0.000000
37.334000
43.611000
38.025000
34.236000
36.392000
28.910000
29.644000
43.018000
40.463000
40.518000
46.976000
45.784000
35.213000
38.367000
38.908000
43.362000
44.679000
35.696000
37.024000
38.516000
35.200000
37.995000
46.492000
63.936000
57.764000
62.449000
67.707000
51.023000
49.176000
47.199000
39.282000
37.658000
47.946000
49.814000
38.459000
44.526000
49.201000
43.325000
35.968000
30.689000
42.197000
42.364000
46.721000
53.780000
35.222000
26.930000
42.421000
60.894000
86.305000
74.401000
143.049000
169.337000
108.913000
48.649000
41.172000
40.064000
70.820000
61.674000
41.557000
45.477000
54.186000
41.438000
41.629000
39.177000
30.723000
49.817000
44.718000
42.569000
51.285000
42.864000
43.750000
47.812000
41.104000
36.670000
37.931000
36.394000
38.939000
38.775000
51.343000
52.024000
41.718000
46.714000
36.623000
39.367000
60.220000
54.990000
43.570000
54.282000
55.956000
55.891000
56.993000
32.472000
47.711000
64.141000
44.549000
40.632000
44.391000
49.928000
73.477000
66.481000
55.410000
74.235000
69.760000
72.626000
76.443000
61.564000
54.619000
58.786000
51.195000
30.944000
35.864000
42.259000
42.149000
64.924000
61.644000
51.403000
50.908000
42.159000
43.697000
55.544000
83.691000
60.548000
47.827000
50.698000
72.131000
58.228000
59.331000
43.135000
38.020000
43.031000
56.486000
67.865000
57.533000
45.755000
67.954000
85.424000
68.506000
49.322000
41.739000
52.570000
62.923000
44.687000
42.274000
54.793000
59.292000
67.563000
71.780000
57.939000
42.334000
49.668000
52.566000
78.318000
98.336000
86.601000
60.794000
75.925000
77.157000
96.173000
103.136000
48.460000
28.197000
28.282000
42.835000
36.336000
33.208000
33.569000
49.074000
51.407000
75.610000
134.429000
134.464000
52.194000
38.734000
39.841000
44.135000
65.900000
59.554000
42.579000
37.579000
37.880000
42.122000
40.534000
42.295000
