0.000000
0.830000
0.871000
0.780000
0.756000
0.758000
0.648000
0.687000
0.817000
0.855000
0.880000
1.001000
0.956000
0.805000
0.851000
0.850000
0.922000
0.904000
0.768000
0.820000
0.811000
0.789000
0.835000
0.906000
1.274000
1.233000
1.287000
1.311000
0.953000
0.944000
0.913000
0.839000
0.789000
0.905000
0.929000
0.860000
0.893000
0.951000
0.802000
0.712000
0.694000
0.816000
0.837000
0.983000
1.098000
0.721000
0.663000
0.898000
1.076000
1.744000
1.610000
3.236000
4.019000
2.629000
1.119000
0.844000
0.869000
1.487000
1.331000
0.816000
0.862000
0.980000
0.914000
0.827000
0.783000
0.720000
0.934000
0.917000
0.908000
0.958000
0.809000
0.956000
0.992000
0.786000
0.811000
0.797000
0.775000
0.822000
0.816000
1.082000
1.108000
0.925000
0.950000
0.738000
0.852000
1.106000
1.056000
0.921000
1.069000
1.159000
1.159000
1.118000
0.726000
1.081000
1.291000
0.865000
0.877000
0.912000
1.008000
1.388000
1.314000
1.176000
1.416000
1.339000
1.367000
1.430000
1.138000
0.968000
1.043000
0.959000
0.699000
0.726000
0.879000
0.887000
1.173000
1.198000
1.031000
1.073000
0.936000
0.931000
1.056000
1.536000
1.346000
0.977000
1.001000
1.349000
1.270000
1.189000
0.895000
0.782000
0.898000
1.078000
1.178000
1.077000
0.977000
1.224000
1.533000
1.402000
1.045000
0.910000
1.145000
1.278000
0.963000
0.904000
1.135000
1.167000
1.391000
1.468000
1.103000
0.863000
1.045000
1.089000
1.756000
2.446000
2.345000
1.367000
1.741000
1.711000
2.519000
2.706000
1.164000
0.729000
0.730000
0.896000
0.817000
0.701000
0.809000
0.994000
1.047000
1.445000
3.108000
3.429000
1.177000
0.862000
0.945000
0.954000
1.399000
1.282000
0.917000
0.868000
0.837000
0.878000
0.880000
0.810000
