0.000000
1.123000
1.210000
1.425000
1.312000
0.933000
0.770000
0.945000
1.058000
1.223000
1.184000
1.017000
0.978000
1.038000
2.004000
3.344000
3.425000
1.366000
0.681000
0.639000
0.940000
1.219000
1.015000
0.902000
1.023000
1.154000
1.076000
1.054000
1.024000
1.144000
1.174000
1.350000
1.326000
1.200000
1.180000
1.011000
1.036000
1.050000
1.071000
1.091000
0.892000
0.828000
0.986000
1.011000
0.955000
1.003000
1.325000
1.325000
0.989000
0.961000
1.008000
0.932000
1.050000
1.156000
1.064000
1.106000
1.165000
0.965000
0.980000
0.965000
0.989000
0.739000
0.770000
1.489000
1.417000
1.229000
1.350000
1.350000
1.265000
1.552000
2.141000
1.889000
1.232000
1.225000
1.497000
1.253000
1.262000
1.586000
1.635000
1.036000
1.105000
0.810000
1.175000
1.369000
1.104000
1.165000
1.361000
1.396000
1.388000
1.265000
1.253000
0.795000
0.961000
1.076000
1.136000
1.253000
1.074000
0.950000
1.329000
1.522000
2.227000
2.478000
1.238000
1.425000
1.690000
1.636000
1.335000
1.066000
0.975000
1.153000
1.246000
1.275000
1.697000
2.048000
1.600000
1.221000
1.359000
2.361000
2.517000
1.535000
1.557000
1.511000
1.177000
1.002000
1.098000
0.930000
1.389000
1.686000
1.369000
1.273000
1.185000
1.319000
1.639000
1.327000
1.086000
1.659000
1.693000
1.702000
1.883000
1.419000
0.941000
0.891000
1.215000
1.511000
1.583000
1.947000
1.921000
1.486000
1.525000
1.334000
0.927000
0.954000
0.912000
0.921000
0.978000
1.037000
0.997000
0.990000
0.875000
0.949000
0.958000
0.894000
0.710000
0.741000
0.937000
1.212000
1.151000
0.979000
1.090000
1.063000
1.015000
1.047000
0.988000
1.033000
0.907000
0.907000
0.973000
0.932000
1.509000
1.670000
1.208000
1.262000
1.296000
0.958000
1.363000
1.364000
1.185000
1.861000
1.737000
1.274000
1.790000
1.602000
1.270000
1.551000
1.710000
1.698000
1.962000
2.094000
1.315000
1.270000
1.287000
1.105000
1.145000
1.019000
0.858000
1.391000
2.097000
1.839000
