0.000000
41.436000
44.633000
52.565000
48.405000
34.420000
28.412000
34.877000
39.010000
45.102000
43.666000
37.510000
36.083000
38.274000
73.939000
123.352000
126.325000
50.402000
25.131000
23.588000
34.680000
44.957000
37.439000
33.255000
37.734000
42.581000
39.677000
38.886000
37.760000
42.204000
43.308000
49.813000
48.927000
44.268000
43.536000
37.306000
38.224000
38.748000
39.500000
40.257000
32.894000
30.544000
36.370000
37.285000
35.214000
36.992000
48.890000
48.888000
36.465000
35.435000
37.195000
34.387000
38.744000
42.654000
39.232000
40.796000
42.967000
35.581000
36.133000
35.604000
36.489000
27.258000
28.414000
54.928000
52.273000
45.323000
49.798000
49.783000
46.645000
57.260000
78.984000
69.699000
45.438000
45.198000
55.206000
46.223000
46.545000
58.509000
60.321000
38.202000
40.756000
29.883000
43.349000
50.488000
40.717000
42.958000
50.219000
51.505000
51.210000
46.675000
46.226000
29.319000
35.466000
39.681000
41.906000
46.208000
39.632000
35.051000
49.026000
56.153000
82.147000
91.418000
45.675000
52.561000
62.326000
60.346000
49.230000
39.338000
35.952000
42.548000
45.944000
47.034000
62.588000
75.548000
59.021000
45.024000
50.129000
87.078000
92.851000
56.621000
57.428000
55.741000
43.405000
36.955000
40.496000
34.299000
51.249000
62.193000
50.516000
46.953000
43.693000
48.650000
60.449000
48.934000
40.072000
61.209000
62.457000
62.787000
69.476000
52.337000
34.716000
32.858000
44.835000
55.737000
58.378000
71.816000
70.857000
54.818000
56.248000
49.212000
34.204000
35.194000
33.639000
33.964000
36.079000
38.258000
36.768000
36.510000
32.264000
35.019000
35.352000
32.961000
26.179000
27.342000
34.556000
44.707000
42.450000
36.115000
40.198000
39.225000
37.442000
38.626000
36.444000
38.118000
33.462000
33.463000
35.878000
34.376000
55.671000
61.600000
44.542000
46.549000
47.823000
35.348000
50.277000
50.327000
43.716000
68.633000
64.065000
47.010000
66.034000
59.099000
46.850000
57.229000
63.065000
62.625000
72.384000
77.259000
48.496000
46.850000
47.464000
40.750000
42.247000
37.599000
31.646000
51.307000
77.371000
67.823000
