0.000000
0.908000
1.046000
1.184000
1.113000
0.852000
0.741000
0.900000
0.973000
0.946000
0.966000
0.892000
0.841000
0.856000
1.706000
2.847000
3.278000
1.289000
0.721000
0.705000
0.863000
0.897000
0.793000
0.758000
0.897000
0.941000
0.898000
0.891000
0.801000
0.917000
0.931000
1.052000
1.099000
0.941000
0.933000
0.965000
0.981000
0.839000
0.859000
0.869000
0.782000
0.767000
0.851000
0.849000
0.807000
0.782000
1.080000
1.087000
0.846000
0.802000
0.889000
0.803000
0.789000
0.823000
0.844000
0.953000
0.920000
0.795000
0.870000
0.860000
0.880000
0.747000
0.719000
1.139000
1.188000
0.995000
1.087000
1.093000
0.993000
1.144000
1.701000
1.596000
0.949000
0.959000
1.157000
1.015000
0.971000
1.339000
1.407000
0.903000
0.867000
0.747000
0.958000
1.061000
0.962000
1.004000
1.042000
1.080000
1.019000
0.965000
0.998000
0.762000
0.848000
0.898000
0.909000
0.904000
0.809000
0.886000
1.045000
1.200000
2.126000
2.369000
1.068000
1.103000
1.303000
1.253000
1.029000
0.801000
0.856000
0.962000
1.001000
1.029000
1.357000
1.553000
1.216000
1.052000
1.075000
1.951000
2.092000
1.319000
1.328000
1.152000
0.930000
0.787000
1.001000
0.892000
1.136000
1.272000
1.042000
0.981000
1.017000
1.104000
1.292000
1.143000
0.942000
1.363000
1.419000
1.413000
1.530000
1.178000
0.815000
0.802000
0.929000
1.083000
1.141000
1.435000
1.525000
1.204000
1.184000
1.103000
0.847000
0.826000
0.829000
0.809000
0.735000
0.797000
0.831000
0.790000
0.758000
0.840000
0.818000
0.731000
0.695000
0.764000
0.875000
0.926000
0.842000
0.788000
0.908000
0.828000
0.752000
0.738000
0.831000
0.851000
0.728000
0.788000
0.834000
0.761000
1.221000
1.254000
0.879000
1.001000
1.039000
0.825000
1.092000
1.089000
0.981000
1.374000
1.405000
1.070000
1.267000
1.237000
1.075000
1.181000
1.372000
1.364000
1.497000
1.634000
1.080000
1.062000
0.953000
0.806000
0.955000
0.939000
0.837000
1.151000
1.630000
1.425000
