0.000000
0.363000
0.681000
0.260000
0.350000
0.517000
0.324000
0.425000
0.411000
0.246000
0.455000
0.528000
0.665000
0.684000
2.361000
0.548000
3.341000
0.739000
0.416000
0.299000
0.506000
0.186000
0.183000
0.432000
0.835000
0.577000
0.583000
0.575000
0.142000
0.277000
0.457000
0.730000
0.839000
0.358000
0.319000
0.237000
0.398000
0.314000
0.154000
0.135000
0.256000
0.129000
0.108000
0.373000
0.508000
0.226000
1.116000
0.506000
0.422000
0.282000
0.588000
0.290000
0.197000
0.350000
0.767000
1.034000
0.619000
0.539000
0.666000
0.760000
0.370000
0.222000
0.210000
1.016000
1.064000
0.649000
0.258000
0.370000
0.301000
0.455000
0.728000
0.403000
0.282000
0.516000
0.689000
0.666000
0.684000
0.557000
0.629000
0.430000
0.209000
0.179000
0.411000
0.574000
0.434000
0.291000
0.492000
0.378000
0.228000
0.128000
0.372000
0.249000
0.592000
0.624000
0.333000
0.298000
0.647000
0.764000
0.367000
0.662000
1.015000
0.938000
0.246000
0.545000
0.806000
1.171000
0.454000
0.764000
0.827000
1.112000
1.013000
0.998000
0.763000
0.482000
0.677000
0.603000
0.710000
2.775000
2.352000
1.879000
1.340000
0.687000
0.675000
0.395000
0.419000
0.587000
0.559000
0.549000
0.222000
0.422000
0.891000
0.996000
0.433000
1.213000
0.586000
0.798000
1.203000
1.706000
1.304000
0.844000
0.476000
0.474000
0.254000
0.822000
0.759000
0.514000
1.196000
0.107000
0.935000
1.690000
0.569000
0.668000
0.710000
0.639000
0.259000
0.308000
0.380000
0.156000
0.339000
0.294000
0.187000
0.508000
0.367000
0.554000
0.602000
0.354000
0.420000
0.282000
0.671000
0.486000
0.219000
0.572000
0.703000
0.374000
0.186000
0.330000
0.229000
0.418000
1.582000
0.536000
0.732000
0.617000
1.124000
0.304000
1.056000
1.065000
0.578000
0.682000
1.881000
1.163000
0.334000
1.504000
0.838000
0.215000
0.925000
0.942000
0.545000
0.264000
0.209000
0.466000
0.563000
0.317000
0.697000
1.267000
0.545000
0.579000
0.386000
0.830000
