0.140000
0.234000
0.123000
0.015000
0.032000
-0.112000
-0.045000
-0.139000
0.004000
-0.032000
0.062000
-0.036000
0.071000
-0.075000
0.667000
0.504000
-0.263000
-0.032000
-0.088000
-0.041000
-0.023000
-0.013000
-0.003000
-0.042000
0.070000
-0.007000
0.124000
-0.005000
0.052000
0.062000
0.029000
0.148000
-0.045000
0.033000
0.078000
0.105000
0.022000
0.014000
0.036000
0.015000
-0.025000
-0.000000
-0.013000
0.038000
-0.061000
-0.104000
0.183000
0.086000
-0.027000
0.012000
-0.169000
-0.144000
-0.158000
-0.101000
-0.235000
-0.003000
-0.169000
-0.062000
-0.163000
0.009000
-0.054000
-0.085000
-0.104000
0.090000
-0.108000
0.022000
-0.060000
-0.104000
-0.028000
-0.050000
0.046000
-0.039000
-0.078000
0.059000
-0.108000
0.019000
-0.128000
0.031000
-0.129000
-0.022000
-0.099000
-0.068000
-0.012000
-0.093000
-0.056000
0.029000
-0.128000
0.016000
-0.030000
-0.056000
-0.147000
-0.161000
-0.031000
-0.164000
-0.070000
-0.012000
-0.124000
0.018000
-0.015000
-0.084000
-0.008000
-0.074000
-0.079000
0.051000
0.193000
-0.071000
0.001000
-0.139000
-0.027000
-0.226000
0.017000
-0.240000
-0.048000
-0.120000
-0.224000
-0.223000
-0.251000
0.490000
1.294000
0.760000
0.288000
0.105000
0.320000
0.268000
0.152000
0.028000
0.158000
0.100000
0.111000
0.038000
-0.180000
0.095000
-0.047000
-0.380000
-0.152000
0.014000
-0.234000
0.244000
-0.221000
-0.388000
-0.360000
-0.286000
-0.376000
-0.252000
-0.269000
-0.253000
-0.008000
-0.039000
0.195000
-0.210000
-0.085000
-0.235000
-0.083000
-0.234000
-0.164000
-0.222000
-0.112000
-0.165000
-0.232000
-0.175000
-0.160000
-0.262000
-0.134000
-0.321000
-0.136000
-0.175000
-0.236000
-0.272000
-0.060000
-0.169000
-0.203000
-0.317000
-0.216000
-0.285000
-0.251000
-0.226000
-0.207000
-0.286000
0.073000
0.154000
-0.004000
0.089000
-0.214000
-0.260000
-0.057000
-0.317000
-0.099000
-0.022000
-0.431000
-0.130000
-0.121000
-0.419000
-0.270000
-0.347000
-0.051000
-0.126000
-0.152000
-0.159000
-0.178000
-0.109000
-0.268000
-0.146000
0.032000
-0.260000
-0.077000
-0.257000
-0.332000
-0.085000
