0.019000
0.005000
0.076000
-0.028000
-0.005000
-0.149000
-0.029000
-0.111000
-0.041000
-0.113000
0.102000
-0.124000
0.123000
-0.160000
0.630000
0.782000
-0.338000
-0.017000
-0.149000
-0.073000
0.030000
0.049000
-0.012000
-0.094000
0.136000
-0.048000
0.097000
-0.010000
-0.003000
0.035000
-0.049000
0.144000
-0.089000
-0.039000
0.087000
0.241000
0.085000
0.002000
0.072000
0.038000
-0.013000
-0.019000
-0.025000
0.099000
-0.017000
-0.107000
0.335000
0.146000
-0.006000
0.024000
-0.211000
-0.083000
-0.172000
-0.050000
-0.304000
0.064000
-0.142000
-0.018000
-0.142000
0.075000
-0.047000
-0.097000
-0.150000
0.164000
-0.121000
0.065000
0.034000
-0.019000
-0.005000
-0.091000
0.002000
0.025000
-0.126000
0.094000
-0.231000
-0.040000
-0.197000
-0.092000
-0.180000
-0.108000
-0.077000
-0.122000
0.046000
-0.097000
-0.209000
-0.075000
-0.163000
-0.120000
-0.048000
-0.083000
-0.146000
-0.223000
0.006000
-0.187000
-0.130000
-0.032000
-0.199000
0.054000
0.079000
-0.128000
0.287000
-0.219000
-0.143000
-0.133000
0.112000
-0.118000
-0.078000
-0.251000
-0.063000
-0.285000
-0.031000
-0.296000
-0.229000
-0.124000
-0.335000
-0.124000
-0.410000
0.426000
1.243000
1.051000
0.567000
0.311000
0.600000
0.557000
0.353000
0.226000
0.382000
0.231000
0.153000
0.102000
-0.245000
0.146000
0.039000
-0.394000
-0.277000
0.007000
-0.344000
0.278000
-0.033000
-0.395000
-0.374000
-0.357000
-0.369000
-0.344000
-0.233000
-0.458000
-0.255000
-0.228000
0.186000
-0.428000
-0.221000
-0.390000
-0.230000
-0.409000
-0.358000
-0.409000
-0.312000
-0.318000
-0.360000
-0.340000
-0.274000
-0.428000
-0.347000
-0.538000
-0.264000
-0.271000
-0.394000
-0.440000
-0.214000
-0.253000
-0.327000
-0.458000
-0.343000
-0.385000
-0.414000
-0.334000
-0.341000
-0.507000
-0.104000
0.081000
-0.154000
-0.034000
-0.383000
-0.445000
-0.179000
-0.488000
-0.265000
-0.050000
-0.586000
-0.289000
-0.135000
-0.570000
-0.398000
-0.476000
-0.389000
-0.164000
-0.277000
-0.342000
-0.383000
-0.314000
-0.402000
-0.353000
-0.104000
-0.485000
-0.299000
-0.394000
-0.447000
-0.235000
