0.031000 0.500000 1.000000
41.017000 0.500000 1.000000
44.575000 0.500000 1.000000
45.849000 0.500000 1.000000
48.811000 0.500000 1.000000
80.515000 0.500000 1.000000
83.195000 0.500000 1.000000
85.793000 0.500000 1.000000
126.515000 0.500000 1.000000
135.500000 0.500000 1.000000
137.304000 0.500000 1.000000
140.630000 0.500000 1.000000
151.666000 0.500000 1.000000
153.818000 0.500000 1.000000
156.233000 0.500000 1.000000
165.301000 0.500000 1.000000
167.833000 0.500000 1.000000
169.835000 0.500000 1.000000
179.631000 0.500000 1.000000
182.708000 0.500000 1.000000
185.422000 0.500000 1.000000
189.244000 0.500000 1.000000
231.455000 0.500000 1.000000
234.500000 0.500000 1.000000
237.727000 0.500000 1.000000
305.983000 0.500000 1.000000
308.597000 0.500000 1.000000
311.791000 0.500000 1.000000
314.736000 0.500000 1.000000
316.804000 0.500000 1.000000
322.877000 0.500000 1.000000
325.111000 0.500000 1.000000
327.063000 0.500000 1.000000
330.902000 0.500000 1.000000
358.387000 0.500000 1.000000
362.887000 0.500000 1.000000
383.223000 0.500000 1.000000
386.566000 0.500000 1.000000
391.282000 0.500000 1.000000
405.529000 0.500000 1.000000
409.103000 0.500000 1.000000
412.627000 0.500000 1.000000
416.168000 0.500000 1.000000
419.527000 0.500000 1.000000
431.722000 0.500000 1.000000
435.148000 0.500000 1.000000
437.315000 0.500000 1.000000
440.459000 0.500000 1.000000
448.468000 0.500000 1.000000
451.000000 0.500000 1.000000
453.746000 0.500000 1.000000
457.105000 0.500000 1.000000
460.183000 0.500000 1.000000
472.775000 0.500000 1.000000
475.985000 0.500000 1.000000
479.311000 0.500000 1.000000
481.396000 0.500000 1.000000
487.767000 0.500000 1.000000
490.249000 0.500000 1.000000
492.267000 0.500000 1.000000
494.617000 0.500000 1.000000
503.668000 0.500000 1.000000
505.919000 0.500000 1.000000
507.987000 0.500000 1.000000
510.171000 0.500000 1.000000
512.024000 0.500000 1.000000
