0.000000
0.615000
1.162000
1.833000
1.657000
0.848000
0.671000
0.640000
0.622000
1.757000
1.663000
1.185000
0.649000
0.811000
1.482000
1.467000
0.817000
0.602000
1.042000
1.182000
1.395000
1.279000
0.739000
0.586000
0.565000
0.562000
1.134000
1.721000
1.526000
0.682000
0.962000
1.398000
1.027000
0.917000
1.372000
1.484000
0.744000
0.620000
1.240000
1.633000
1.146000
0.777000
1.093000
1.443000
1.058000
0.776000
0.759000
2.047000
2.596000
2.004000
1.103000
0.715000
0.716000
0.803000
1.485000
1.474000
0.866000
0.749000
0.765000
1.859000
2.222000
3.928000
4.480000
2.470000
0.895000
1.072000
1.158000
1.193000
1.008000
0.679000
0.567000
0.770000
0.930000
0.956000
1.416000
1.260000
0.927000
1.017000
1.162000
1.015000
1.182000
1.482000
1.106000
1.211000
1.473000
1.442000
0.925000
0.671000
1.145000
1.719000
1.631000
1.200000
1.211000
1.367000
1.733000
1.310000
0.791000
1.270000
1.269000
1.059000
0.736000
0.688000
0.740000
1.077000
1.521000
1.417000
0.691000
0.636000
1.419000
1.559000
1.570000
1.321000
1.213000
0.964000
0.725000
0.706000
0.806000
1.429000
1.601000
1.492000
1.317000
0.858000
1.235000
1.373000
1.317000
1.223000
1.392000
1.216000
0.780000
0.658000
0.565000
0.533000
0.551000
1.638000
1.593000
1.109000
3.391000
3.774000
3.347000
2.829000
1.972000
1.795000
1.377000
2.862000
3.275000
1.540000
1.312000
1.397000
1.936000
2.118000
1.693000
1.034000
1.477000
1.531000
1.176000
0.777000
0.635000
1.157000
1.977000
1.819000
1.802000
1.707000
1.432000
1.718000
1.536000
0.874000
0.998000
1.179000
1.666000
1.476000
0.767000
0.627000
0.869000
1.257000
1.029000
0.986000
1.385000
1.103000
0.851000
0.744000
1.478000
1.685000
1.523000
1.496000
0.973000
0.903000
0.877000
0.638000
0.995000
1.604000
1.365000
0.762000
0.642000
0.959000
0.969000
0.994000
0.967000
0.681000
1.197000
1.221000
1.521000
0.986000
0.717000
0.864000
0.933000
1.455000
2.113000
1.513000
1.223000
0.895000
0.853000
0.792000
0.934000
1.224000
0.977000
0.873000
0.832000
1.029000
1.059000
0.671000
0.631000
0.878000
0.818000
1.107000
1.001000
0.855000
0.792000
1.205000
1.257000
0.901000
0.581000
0.636000
0.631000
1.072000
0.994000
1.173000
2.887000
3.077000
1.532000
1.283000
1.193000
0.894000
0.592000
1.317000
1.828000
1.308000
0.842000
1.660000
2.054000
1.573000
1.226000
0.836000
0.915000
1.176000
1.429000
1.070000
0.958000
0.728000
0.708000
0.851000
2.094000
4.094000
4.423000
1.473000
0.819000
0.798000
0.710000
