0.000000
23.598000
44.561000
70.301000
63.523000
32.525000
25.720000
24.535000
23.861000
67.377000
63.765000
45.449000
24.898000
31.081000
56.848000
56.243000
31.332000
23.072000
39.974000
45.340000
53.509000
49.051000
28.352000
22.468000
21.661000
21.565000
43.500000
65.985000
58.514000
26.169000
36.875000
53.589000
39.393000
35.166000
52.612000
56.924000
28.519000
23.765000
47.547000
62.620000
43.929000
29.788000
41.897000
55.318000
40.568000
29.744000
29.089000
78.498000
99.551000
76.833000
42.304000
27.432000
27.445000
30.803000
56.930000
56.528000
33.193000
28.706000
29.325000
71.269000
85.217000
150.617000
171.785000
94.711000
34.322000
41.120000
44.395000
45.736000
38.662000
26.032000
21.746000
29.541000
35.656000
36.670000
54.294000
48.326000
35.557000
39.001000
44.564000
38.909000
45.307000
56.837000
42.424000
46.428000
56.494000
55.300000
35.457000
25.719000
43.907000
65.933000
62.538000
46.011000
46.436000
52.420000
66.441000
50.225000
30.347000
48.686000
48.673000
40.608000
28.226000
26.397000
28.390000
41.287000
58.342000
54.335000
26.504000
24.406000
54.397000
59.762000
60.219000
50.664000
46.524000
36.983000
27.819000
27.079000
30.920000
54.781000
61.376000
57.205000
50.488000
32.905000
47.342000
52.645000
50.513000
46.882000
53.360000
46.630000
29.910000
25.242000
21.682000
20.424000
21.124000
62.792000
61.081000
42.529000
130.021000
144.720000
128.358000
108.497000
75.613000
68.827000
52.816000
109.754000
125.577000
59.047000
50.326000
53.573000
74.225000
81.201000
64.913000
39.652000
56.651000
58.720000
45.087000
29.781000
24.339000
44.361000
75.825000
69.746000
69.111000
65.442000
54.929000
65.860000
58.904000
33.527000
38.255000
45.195000
63.875000
56.584000
29.418000
24.056000
33.308000
48.201000
39.442000
37.819000
53.113000
42.284000
32.618000
28.539000
56.676000
64.630000
58.393000
57.360000
37.304000
34.615000
33.626000
24.483000
38.147000
61.501000
52.340000
29.237000
24.629000
36.782000
37.155000
38.116000
37.062000
26.108000
45.902000
46.833000
58.330000
37.821000
27.507000
33.123000
35.783000
55.782000
81.008000
58.021000
46.888000
34.315000
32.716000
30.380000
35.830000
46.945000
37.477000
33.482000
31.888000
39.474000
40.622000
25.725000
24.211000
33.678000
31.364000
42.449000
38.396000
32.771000
30.382000
46.212000
48.202000
34.541000
22.290000
24.385000
24.208000
41.123000
38.112000
44.997000
110.720000
117.998000
58.729000
49.201000
45.743000
34.300000
22.692000
50.507000
70.093000
50.169000
32.298000
63.655000
78.781000
60.335000
47.002000
32.063000
35.071000
45.092000
54.792000
41.015000
36.749000
27.912000
27.156000
32.634000
80.313000
156.985000
169.604000
56.480000
31.422000
30.590000
27.221000
