0.000000
0.662000
0.934000
1.355000
1.358000
0.753000
0.665000
0.659000
0.646000
1.387000
1.343000
0.906000
0.654000
0.717000
1.057000
1.087000
0.701000
0.639000
0.882000
0.911000
1.094000
1.115000
0.741000
0.632000
0.623000
0.618000
0.910000
1.248000
1.204000
0.694000
0.819000
0.987000
0.812000
0.793000
1.017000
1.078000
0.696000
0.631000
0.974000
1.132000
0.888000
0.664000
0.947000
1.122000
0.835000
0.722000
0.728000
1.735000
2.308000
1.874000
0.968000
0.711000
0.689000
0.753000
1.160000
1.104000
0.770000
0.696000
0.731000
1.482000
1.651000
3.648000
4.260000
2.383000
0.848000
0.950000
0.947000
0.968000
0.789000
0.653000
0.621000
0.736000
0.774000
0.760000
1.052000
1.030000
0.832000
0.861000
0.960000
0.836000
0.944000
1.088000
0.883000
0.969000
1.182000
1.174000
0.798000
0.672000
0.916000
1.333000
1.337000
0.997000
0.912000
1.105000
1.318000
1.003000
0.735000
0.989000
1.061000
0.937000
0.698000
0.678000
0.682000
0.880000
1.083000
1.028000
0.681000
0.642000
1.181000
1.303000
1.318000
1.091000
1.010000
0.834000
0.708000
0.674000
0.761000
1.128000
1.195000
1.162000
1.000000
0.797000
0.991000
1.065000
1.066000
0.963000
1.030000
0.927000
0.713000
0.663000
0.615000
0.601000
0.618000
1.327000
1.330000
0.939000
3.352000
3.655000
3.142000
2.775000
1.573000
1.363000
1.107000
2.783000
3.153000
1.344000
1.057000
1.084000
1.367000
1.646000
1.358000
0.832000
1.135000
1.208000
0.962000
0.724000
0.650000
0.865000
1.412000
1.454000
1.356000
1.284000
1.076000
1.318000
1.261000
0.792000
0.769000
0.861000
1.182000
1.098000
0.708000
0.637000
0.802000
0.944000
0.776000
0.837000
0.997000
0.855000
0.744000
0.716000
1.185000
1.278000
1.144000
1.168000
0.848000
0.809000
0.791000
0.637000
0.820000
1.102000
1.034000
0.714000
0.664000
0.858000
0.845000
0.838000
0.840000
0.673000
0.978000
1.007000
1.192000
0.824000
0.679000
0.746000
0.808000
1.248000
1.581000
1.180000
0.958000
0.808000
0.800000
0.764000
0.818000
0.931000
0.790000
0.773000
0.718000
0.834000
0.890000
0.668000
0.645000
0.706000
0.693000
0.928000
0.861000
0.774000
0.706000
0.998000
1.052000
0.766000
0.642000
0.661000
0.643000
0.884000
0.847000
0.963000
2.904000
3.269000
1.382000
1.080000
1.010000
0.767000
0.632000
1.046000
1.296000
0.997000
0.759000
1.707000
2.039000
1.372000
1.085000
0.753000
0.810000
0.962000
1.085000
0.894000
0.843000
0.720000
0.707000
0.790000
1.731000
4.127000
4.930000
1.490000
0.819000
0.770000
0.753000
