0.000000
0.469000
0.722000
0.624000
1.365000
0.456000
0.355000
0.247000
0.441000
2.122000
1.041000
0.814000
0.293000
0.350000
0.466000
1.182000
0.406000
0.291000
0.677000
0.560000
0.420000
0.990000
0.331000
0.212000
0.201000
0.336000
0.825000
0.487000
0.999000
0.144000
0.501000
0.104000
0.837000
0.735000
0.421000
0.865000
0.155000
0.198000
0.598000
0.292000
0.844000
0.350000
0.360000
0.143000
0.721000
0.506000
0.534000
2.298000
1.432000
0.767000
0.477000
0.240000
0.351000
0.543000
0.706000
0.748000
0.301000
0.338000
0.676000
2.000000
0.736000
4.281000
1.449000
3.804000
0.624000
0.640000
0.555000
0.754000
0.538000
0.287000
0.241000
0.422000
0.181000
0.136000
0.851000
0.775000
0.529000
0.481000
0.575000
0.793000
0.412000
0.472000
0.618000
0.388000
1.430000
1.102000
0.587000
0.383000
0.339000
0.520000
0.434000
0.921000
0.878000
0.922000
0.185000
1.262000
0.220000
0.806000
0.753000
0.272000
0.309000
0.181000
0.430000
1.008000
0.205000
1.221000
0.288000
0.126000
0.934000
0.255000
0.557000
0.298000
0.231000
0.595000
0.383000
0.483000
0.517000
0.561000
0.593000
0.326000
1.120000
0.608000
0.224000
0.375000
0.296000
0.332000
0.928000
0.985000
0.312000
0.408000
0.204000
0.162000
0.285000
1.754000
1.120000
0.842000
3.795000
1.626000
3.745000
1.440000
1.376000
0.547000
1.352000
2.099000
1.477000
0.393000
1.425000
1.208000
0.432000
0.873000
0.796000
0.352000
0.729000
0.698000
0.259000
0.654000
0.307000
0.229000
1.568000
2.323000
1.013000
0.721000
0.497000
0.825000
1.301000
0.460000
0.403000
0.293000
0.951000
1.514000
0.461000
0.412000
0.714000
0.443000
0.314000
0.537000
0.554000
0.942000
0.443000
0.590000
1.708000
1.207000
0.660000
0.276000
0.853000
0.531000
0.271000
0.113000
0.436000
0.259000
0.939000
0.382000
0.285000
0.501000
0.535000
0.723000
0.614000
0.259000
0.579000
0.565000
0.358000
0.557000
0.229000
0.265000
0.736000
1.171000
1.126000
0.606000
0.236000
0.358000
0.384000
0.200000
0.419000
0.344000
0.705000
0.527000
0.312000
0.715000
0.818000
0.186000
0.126000
0.240000
0.452000
1.021000
0.667000
0.135000
0.438000
0.658000
0.358000
0.206000
0.065000
0.151000
0.123000
0.899000
0.875000
0.848000
3.058000
1.190000
1.632000
0.386000
0.141000
0.506000
0.355000
0.872000
0.764000
1.061000
0.454000
1.172000
0.606000
1.592000
0.604000
0.259000
0.253000
0.270000
0.592000
1.042000
0.429000
0.431000
0.529000
0.851000
2.176000
2.576000
2.575000
0.818000
0.709000
0.502000
0.401000
