0.114000
0.063000
0.192000
0.303000
-0.038000
0.053000
-0.053000
0.037000
-0.099000
0.462000
0.259000
-0.042000
-0.115000
-0.023000
0.176000
-0.202000
-0.114000
-0.178000
-0.006000
0.262000
0.051000
-0.248000
-0.133000
-0.191000
-0.097000
-0.166000
-0.012000
0.062000
-0.138000
-0.179000
-0.012000
0.029000
-0.201000
-0.068000
0.094000
-0.167000
-0.201000
-0.237000
-0.023000
0.058000
-0.233000
-0.120000
-0.050000
-0.039000
-0.306000
-0.119000
-0.305000
0.453000
0.112000
-0.038000
-0.179000
-0.244000
-0.296000
-0.138000
0.005000
-0.145000
-0.260000
-0.120000
-0.331000
0.336000
0.173000
0.667000
0.790000
0.044000
0.180000
0.154000
0.427000
0.225000
0.068000
0.060000
0.049000
0.153000
0.164000
0.116000
0.355000
0.182000
0.346000
0.158000
0.244000
0.020000
0.115000
0.297000
0.171000
0.032000
0.460000
0.148000
-0.043000
0.057000
0.196000
0.071000
0.071000
0.273000
-0.036000
0.187000
0.220000
-0.025000
0.008000
0.245000
0.103000
0.120000
0.046000
0.073000
-0.046000
0.222000
0.291000
-0.029000
-0.023000
-0.056000
0.257000
0.224000
0.137000
0.140000
0.103000
-0.064000
0.091000
-0.043000
0.141000
0.384000
0.196000
0.262000
-0.147000
0.010000
0.091000
0.195000
0.112000
-0.014000
0.300000
-0.005000
0.014000
-0.079000
-0.049000
-0.075000
-0.133000
0.383000
0.253000
-0.090000
0.730000
1.100000
0.757000
0.488000
0.509000
0.606000
0.061000
0.708000
0.225000
0.305000
-0.152000
0.154000
0.125000
0.491000
0.141000
0.069000
0.261000
0.061000
0.066000
-0.119000
-0.028000
0.014000
0.507000
-0.175000
0.047000
0.225000
0.039000
0.241000
-0.121000
0.020000
-0.065000
-0.010000
0.319000
-0.130000
-0.030000
-0.135000
0.049000
-0.040000
-0.155000
0.002000
0.171000
-0.136000
-0.007000
-0.190000
0.344000
-0.034000
0.141000
0.056000
-0.194000
-0.036000
-0.127000
-0.148000
0.003000
0.062000
-0.194000
-0.101000
-0.212000
-0.067000
-0.216000
0.002000
-0.223000
-0.155000
0.002000
0.247000
0.181000
0.023000
0.073000
0.013000
-0.231000
0.080000
-0.166000
-0.246000
-0.251000
-0.328000
-0.260000
-0.231000
-0.114000
0.010000
-0.152000
-0.088000
-0.172000
0.087000
-0.210000
-0.283000
-0.252000
-0.133000
-0.248000
0.025000
-0.158000
-0.170000
-0.297000
-0.085000
-0.144000
-0.137000
-0.147000
-0.212000
-0.252000
0.021000
-0.166000
0.062000
-0.157000
-0.337000
-0.043000
-0.049000
-0.077000
-0.261000
-0.304000
-0.100000
0.027000
-0.231000
-0.149000
-0.025000
0.149000
-0.298000
-0.128000
-0.079000
-0.138000
-0.211000
0.031000
-0.351000
-0.225000
-0.359000
-0.177000
-0.442000
0.315000
0.293000
-0.331000
-0.209000
-0.477000
-0.392000
-0.454000
