0.031000 0.500000 -7.197000
41.017000 0.500000 -7.197000
44.575000 0.500000 -2.197000
45.849000 0.500000 2.803000
48.811000 0.500000 7.803000
80.515000 0.500000 -7.197000
83.195000 0.500000 -2.197000
85.793000 0.500000 2.803000
126.515000 0.500000 -7.197000
135.500000 0.500000 -7.197000
137.304000 0.500000 -2.197000
140.630000 0.500000 2.803000
151.666000 0.500000 -7.197000
153.818000 0.500000 -2.197000
156.233000 0.500000 2.803000
165.301000 0.500000 -7.197000
167.833000 0.500000 -2.197000
169.835000 0.500000 2.803000
179.631000 0.500000 -7.197000
182.708000 0.500000 -2.197000
185.422000 0.500000 2.803000
189.244000 0.500000 7.803000
231.455000 0.500000 -7.197000
234.500000 0.500000 -2.197000
237.727000 0.500000 2.803000
305.983000 0.500000 -7.197000
308.597000 0.500000 -2.197000
311.791000 0.500000 2.803000
314.736000 0.500000 7.803000
316.804000 0.500000 12.803000
322.877000 0.500000 -7.197000
325.111000 0.500000 -2.197000
327.063000 0.500000 2.803000
330.902000 0.500000 7.803000
358.387000 0.500000 -7.197000
362.887000 0.500000 -2.197000
383.223000 0.500000 -7.197000
386.566000 0.500000 -2.197000
391.282000 0.500000 2.803000
405.529000 0.500000 -7.197000
409.103000 0.500000 -2.197000
412.627000 0.500000 2.803000
416.168000 0.500000 7.803000
419.527000 0.500000 12.803000
431.722000 0.500000 -7.197000
435.148000 0.500000 -2.197000
437.315000 0.500000 2.803000
440.459000 0.500000 7.803000
448.468000 0.500000 -7.197000
451.000000 0.500000 -2.197000
453.746000 0.500000 2.803000
457.105000 0.500000 7.803000
460.183000 0.500000 12.803000
472.775000 0.500000 -7.197000
475.985000 0.500000 -2.197000
479.311000 0.500000 2.803000
481.396000 0.500000 7.803000
487.767000 0.500000 -7.197000
490.249000 0.500000 -2.197000
492.267000 0.500000 2.803000
494.617000 0.500000 7.803000
503.668000 0.500000 -7.197000
505.919000 0.500000 -2.197000
507.987000 0.500000 2.803000
510.171000 0.500000 7.803000
512.024000 0.500000 12.803000
