9.711000 0.500000 1.000000
12.656000 0.500000 1.000000
24.686000 0.500000 1.000000
27.068000 0.500000 1.000000
29.203000 0.500000 1.000000
31.205000 0.500000 1.000000
33.952000 0.500000 1.000000
56.853000 0.500000 1.000000
59.335000 0.500000 1.000000
62.297000 0.500000 1.000000
65.689000 0.500000 1.000000
69.164000 0.500000 1.000000
70.868000 0.500000 1.000000
73.913000 0.500000 1.000000
98.998000 0.500000 1.000000
102.390000 0.500000 1.000000
104.574000 0.500000 1.000000
109.902000 0.500000 1.000000
200.678000 0.500000 1.000000
202.962000 0.500000 1.000000
206.089000 0.500000 1.000000
208.455000 0.500000 1.000000
211.252000 0.500000 1.000000
214.263000 0.500000 1.000000
216.812000 0.500000 1.000000
245.454000 0.500000 1.000000
248.598000 0.500000 1.000000
250.865000 0.500000 1.000000
253.248000 0.500000 1.000000
255.515000 0.500000 1.000000
258.096000 0.500000 1.000000
260.148000 0.500000 1.000000
262.481000 0.500000 1.000000
264.599000 0.500000 1.000000
266.469000 0.500000 1.000000
268.802000 0.500000 1.000000
281.229000 0.500000 1.000000
283.032000 0.500000 1.000000
286.060000 0.500000 1.000000
289.337000 0.500000 1.000000
292.232000 0.500000 1.000000
295.029000 0.500000 1.000000
296.617000 0.500000 1.000000
342.634000 0.500000 1.000000
344.735000 0.500000 1.000000
346.059000 0.500000 1.000000
373.808000 0.500000 1.000000
376.671000 0.500000 1.000000
